image_width: 1280
image_height: 1024
camera_name: daheng
camera_matrix:
  rows: 3
  cols: 3
  data: [1738.509899,   0.   ,  679.95014,    
            0.     , 1735.649715,  530.326779,
            0.     ,    0.     ,    1.0     ]
distortion_model: plumb_bob
distortion_coefficients:
  rows: 1
  cols: 5
  data: [-0.047161, 0.173885,0.002094,0.001862,0.0]
rectification_matrix:
  rows: 3
  cols: 3
  data: [1., 0., 0.,
         0., 1., 0.,
         0., 0., 1.]
projection_matrix:
  rows: 3
  cols: 4
  data: [1735.361084,  0.  ,  680.674287,    0.     ,
            0.     , 1731.928711 ,  531.102207,    0.     ,
            0.     ,    0.     ,    1.     ,    0.     ]
